
90, 124, 137, 139, 200, 216, 230, 237, 241, 258, 
272, 281, 284, 315, 339, 348, 367, 431, 455, 511, 
539, 546, 570, 574, 583, 589, 625, 631, 692, 702, 
709, 717, 794, 865, 939, 1010, 1025, 1025, 1058, 1086, 
1091, 1094, 1108, 1118, 1178, 1237, 1257, 1301, 1348, 1388, 
1409, 1418, 1451, 1456, 1481, 1531, 1531, 1553, 1572, 1572, 
1590, 1593, 1601, 1634, 1636, 1664, 1690, 1745, 1748, 1787, 
1831, 1871, 1946, 2056, 2132, 2248, 2284, 2308, 2311, 2335, 
2397, 2520, 2530, 2540, 2568, 2716, 2718, 2738, 2789, 2806, 
2827, 2899, 2921, 3035, 3063, 3100, 3146, 3150, 3209, 3250, 
3263, 3330, 3341, 3345, 3349, 3378, 3388, 3484, 3492, 3518, 
3531, 3548, 3561, 3573, 3581, 3636, 3655, 3704, 3750, 3791, 
3811, 3924, 3958, 3967, 4042, 4042, 4045, 4056, 4056, 4091, 
4098, 4145, 4179, 4210, 4295, 4361, 4430, 4522, 4530, 4547, 
4592, 4594, 4598, 4639, 4663, 4760, 4763, 4787, 4792, 4794, 
4905, 4915, 4936, 4940, 5057, 5058, 5121, 5194, 5202, 5214, 
5214, 5219, 5244, 5529, 5566, 5578, 5605, 5611, 5636, 5651, 
5665, 5720, 5776, 5821, 5828, 5915, 5930, 5935, 5947, 5963, 
5974, 6022, 6080, 6113, 6130, 6166, 6169, 6202, 6249, 6338, 
6392, 6456, 6487, 6506, 6624, 6692, 6697, 6699, 6706, 6708, 
6748, 6768, 6785, 6791, 6936, 6963, 6990, 6993, 7077, 7090, 
7179, 7190, 7433, 7450, 7542, 7554, 7592, 7594, 7599, 7615, 
7637, 7639, 7661, 7665, 7785, 7807, 7848, 7860, 7905, 7931, 
7935, 7973, 7977, 7978, 8050, 8107, 8214, 8238, 8268, 8334, 
8407, 8464, 8503, 8593, 8629, 8647, 8713, 8726, 8736, 8755, 
8932, 8954, 8962, 8964, 8983, 8987, 9035, 9051, 9063, 9158, 
9229, 9272, 9300, 9308, 9351, 9368, 9402, 9429, 9475, 9513, 
9541, 9562, 9574, 9575, 9578, 9593, 9601, 9635, 9653, 9679, 
9681, 9714, 9717, 9759, 9787, 9808, 9852, 9899, 9909, 9909, 
9915, 9978, 10115, 10152, 10177, 10190, 10232, 10315, 10328, 10337, 
10348, 10352, 10363, 10378, 10415, 10425, 10426, 10445, 10452, 10454, 
10498, 10561, 10694, 10699, 10707, 10723, 10794, 10902, 10903, 10914, 
10934, 10954, 10963, 10985, 10989, 11028, 11142, 11148, 11150, 11176, 
11187, 11243, 11257, 11284, 11290, 11317, 11358, 11361, 11376, 11383, 
11390, 11392, 11417, 11452, 11459, 11490, 11532, 11546, 11562, 11649, 
11712, 11737, 11753, 11772, 11800, 11808, 11824, 11825, 11854, 11893, 
11899, 11925, 11942, 11993, 12003, 12063, 12106, 12124, 12125, 12131, 
12184, 12233, 12242, 12244, 12276, 12387, 12396, 12413, 12434, 12451, 
12549, 12549, 12557, 12594, 12616, 12617, 12638, 12742, 12751, 12797, 
12799, 12807, 12824, 12939, 12959, 12974, 12987, 13036, 13051, 13103, 
13105, 13182, 13183, 13410, 13476, 13477, 13538, 13544, 13696, 13698, 
13724, 13737, 13780, 13781, 13802, 13803, 13839, 13855, 13861, 13869, 
13922, 13952, 13957, 13976, 13992, 13992, 14091, 14093, 14133, 14143, 
14172, 14204, 14277, 14318, 14469, 14486, 14558, 14668, 14696, 14707, 
14722, 14755, 14809, 14826, 14827, 14835, 14840, 14897, 14897, 14961, 
15055, 15100, 15126, 15171, 15183, 15289, 15330, 15340, 15360, 15361, 
15382, 15405, 15431, 15462, 15497, 15513, 15520, 15570, 15572, 15629, 
15639, 15651, 15677, 15771, 15787, 15789, 15837, 15852, 15859, 15893, 
15922, 15941, 15962, 16128, 16158, 16226, 16234, 16300, 16311, 16358, 
16367, 16417, 16533, 16611, 16623, 16635, 16661, 16674, 16698, 16700, 
16815, 16820, 16856, 16882, 16904, 16912, 16947, 16961, 16963, 16976, 
17051, 17114, 17122, 17132, 17153, 17173, 17186, 17210, 17218, 17251, 
17293, 17299, 17327, 17381, 17422, 17510, 17589, 17602, 17609, 17625, 
17744, 17764, 17767, 17819, 17892, 17893, 17914, 17958, 18004, 18041, 
18044, 18046, 18073, 18108, 18140, 18191, 18204, 18250, 18276, 18324, 
18344, 18344, 18439, 18450, 18458, 18494, 18544, 18547, 18585, 18590, 
18618, 18681, 18747, 18801, 18863, 18949, 18953, 18954, 18961, 19017, 
19027, 19031, 19047, 19065, 19074, 19147, 19164, 19166, 19197, 19201, 
19235, 19261, 19403, 19410, 19490, 19507, 19565, 19631, 19678, 19688, 
19696, 19738, 19796, 19844, 19850, 19876, 19900, 19943, 20010, 20040, 
20046, 20131, 20135, 20138, 20169, 20177, 20252, 20261, 20297, 20301, 
20321, 20363, 20411, 20471, 20493, 20504, 20517, 20553, 20564, 20617, 
20628, 20659, 20685, 20862, 20862, 20990, 21009, 21107, 21109, 21146, 
21202, 21219, 21260, 21280, 21293, 21348, 21353, 21355, 21369, 21389, 
21444, 21460, 21470, 21477, 21480, 21501, 21507, 21534, 21549, 21563, 
21575, 21638, 21665, 21665, 21758, 21770, 21808, 21941, 21949, 22002, 
22016, 22030, 22063, 22087, 22088, 22095, 22107, 22231, 22260, 22276, 
22330, 22348, 22381, 22415, 22427, 22431, 22443, 22449, 22455, 22460, 
22471, 22480, 22518, 22520, 22542, 22571, 22596, 22608, 22620, 22679, 
22685, 22714, 22764, 22791, 22810, 22874, 22889, 22956, 22974, 23004, 
23092, 23117, 23131, 23137, 23218, 23273, 23288, 23382, 23414, 23478, 
23508, 23524, 23529, 23555, 23629, 23633, 23643, 23659, 23716, 23728, 
23733, 23740, 23795, 23807, 23821, 23843, 23858, 23971, 23996, 24025, 
24041, 24044, 24047, 24059, 24085, 24091, 24096, 24114, 24155, 24158, 
24195, 24216, 24216, 24234, 24236, 24314, 24321, 24397, 24432, 24480, 
24485, 24527, 24538, 24547, 24657, 24675, 24686, 24700, 24746, 24774, 
24781, 24785, 24829, 24869, 24885, 24902, 24933, 24982, 24984, 24999, 
25004, 25096, 25118, 25128, 25173, 25185, 25196, 25282, 25282, 25283, 
25310, 25332, 25336, 25419, 25459, 25476, 25492, 25572, 25588, 25636, 
25688, 25734, 25748, 25812, 25841, 25865, 25866, 25946, 25973, 25991, 
26067, 26131, 26229, 26292, 26297, 26318, 26321, 26366, 26441, 26446, 
26446, 26465, 26480, 26486, 26541, 26573, 26573, 26579, 26604, 26630, 
26634, 26659, 26714, 26727, 26775, 26834, 26840, 26848, 26862, 27038, 
27048, 27112, 27117, 27129, 27197, 27221, 27221, 27223, 27297, 27308, 
27374, 27421, 27464, 27471, 27520, 27534, 27611, 27627, 27721, 27757, 
27760, 27815, 27826, 27850, 27856, 27917, 27980, 27990, 27993, 28012, 
28042, 28078, 28113, 28157, 28179, 28200, 28231, 28255, 28260, 28280, 
28283, 28304, 28316, 28379, 28447, 28461, 28492, 28503, 28512, 28521, 
28588, 28616, 28677, 28683, 28713, 28718, 28731, 28740, 28740, 28807, 
28830, 28906, 28930, 28942, 29004, 29030, 29166, 29274, 29283, 29285, 
29333, 29362, 29372, 29403, 29446, 29473, 29669, 29698, 29756, 29809, 
29851, 29903, 29985, 30011, 30038, 30058, 30077, 30162, 30202, 30258, 
30270, 30285, 30321, 30363, 30396, 30449, 30483, 30498, 30557, 30613, 
30614, 30646, 30816, 30830, 30836, 30863, 30916, 30945, 30966, 30974, 
30978, 31022, 31051, 31100, 31194, 31249, 31275, 31294, 31329, 31398, 
31424, 31434, 31501, 31590, 31591, 31603, 31612, 31628, 31671, 31709, 
31866, 31880, 31888, 31897, 31906, 31920, 31949, 31981, 31984, 31996, 
32005, 32022, 32071, 32104, 32159, 32197, 32255, 32261, 32279, 32289, 
32291, 32307, 32314, 32389, 32396, 32416, 32428, 32468, 32470, 32503, 
32530, 32537, 32562, 32566, 32603, 32679, 32694, 32720, 32731, 32740